0 0.13333333333333333 0.19145 0.08946666666666668 0.0671
0 0.13685 0.302625 0.09298333333333332 0.05527499999999996
0 0.15745 0.472375 0.05701666666666668 0.052625000000000026
0 0.28290000000000004 0.8283 0.04824999999999998 0.0539500000000001
0 0.37981666666666664 0.8769750000000001 0.057900000000000014 0.05919999999999988
0 0.5311333333333333 0.94145 0.04825000000000008 0.06185000000000002
0 0.6767500000000001 0.38354999999999995 0.04825000000000008 0.05394999999999996
0 0.45790000000000003 0.06709999999999999 0.05088333333333329 0.05527499999999999
0 0.5802666666666667 0.065125 0.04825000000000008 0.06709999999999999
0 0.7758833333333333 0.0658 0.04825000000000008 0.060524999999999995
0 0.94035 0.226975 0.047366666666666786 0.038149999999999976