0 0.5197333333333333 0.16907499999999998 0.07279999999999992 0.04605000000000002
0 0.6745666666666666 0.267775 0.06666666666666667 0.04079999999999998
0 0.7342166666666666 0.4658 0.07895 0.052625000000000026
0 0.8193 0.7217 0.05613333333333325 0.05132499999999993
0 0.9013166666666667 0.818425 0.039466666666666775 0.07104999999999989
0 0.7372833333333333 0.77435 0.05 0.05919999999999988
0 0.3236833333333333 0.702625 0.06314999999999998 0.05262499999999989
0 0.17763333333333334 0.551325 0.034216666666666666 0.06052499999999995
0 0.06666666666666667 0.564475 0.04386666666666666 0.05790000000000006
0 0.22981666666666664 0.855925 0.05088333333333331 0.06710000000000008
0 0.33991666666666664 0.823675 0.04824999999999998 0.06842500000000001
0 0.5228 0.85065 0.019300000000000067 0.04342500000000001
0 0.48113333333333336 0.925 0.05526666666666662 0.04737500000000011
0 0.2285166666666667 0.298025 0.05 0.0671
0 0.30569999999999997 0.348675 0.03771666666666666 0.052625000000000026
0 0.37324999999999997 0.38815 0.04123333333333335 0.06314999999999998