0 0.18728333333333333 0.248025 0.05 0.059200000000000016
0 0.2807 0.1954 0.049116666666666614 0.05394999999999996
0 0.39255 0.25395 0.030700000000000026 0.04737499999999997
0 0.33245 0.40064999999999995 0.04386666666666666 0.04605000000000004
0 0.4605333333333333 0.326325 0.0473666666666666 0.05
0 0.6508833333333333 0.098025 0.06666666666666667 0.05395
0 0.7179833333333334 0.17895 0.08508333333333326 0.06052500000000002
0 0.8982500000000001 0.36315 0.08245000000000005 0.06052499999999995
0 0.8263166666666667 0.506575 0.05613333333333325 0.044724999999999966
0 0.8969333333333332 0.5631499999999999 0.03596666666666654 0.03947500000000005
0 0.8964833333333333 0.6019749999999999 0.036849999999999834 0.04079999999999998
0 0.6035166666666667 0.4717 0.03158333333333341 0.030275000000000035
0 0.46754999999999997 0.5125 0.05613333333333325 0.05132499999999993
0 0.5144666666666666 0.6322249999999999 0.04298333333333327 0.038149999999999976
0 0.6386000000000001 0.6342 0.03685000000000002 0.03947499999999998
0 0.7530666666666667 0.7579 0.06053333333333342 0.04210000000000008
0 0.42018333333333335 0.886175 0.04911666666666671 0.048675000000000065
0 0.15438333333333332 0.752625 0.07193333333333332 0.04737500000000011
0 0.08070000000000001 0.5460499999999999 0.06315000000000001 0.06579999999999998
0 0.26491666666666663 0.534875 0.057900000000000014 0.06709999999999994