0 0.35175 0.028300000000000002 0.057900000000000014 0.038149999999999996
0 0.3157833333333333 0.11512499999999999 0.06666666666666667 0.05395
0 0.31446666666666667 0.27565 0.03596666666666664 0.051325
0 0.25481666666666664 0.555925 0.06228333333333334 0.048675000000000065
0 0.35745 0.4921 0.025433333333333318 0.042099999999999936
0 0.07018333333333333 0.576975 0.06491666666666668 0.04079999999999998
0 0.046049999999999994 0.72435 0.049999999999999996 0.04342500000000001
0 0.07018333333333333 0.880275 0.03508333333333333 0.034199999999999876
0 0.22675 0.7454000000000001 0.014916666666666648 0.030275000000000035
0 0.32895 0.72435 0.03158333333333332 0.030275000000000035
0 0.3386 0.79605 0.028066666666666625 0.026324999999999932
0 0.44693333333333335 0.664475 0.028950000000000007 0.0289500000000001
0 0.5070166666666667 0.582225 0.04561666666666667 0.056574999999999986
0 0.5605333333333333 0.623025 0.03158333333333341 0.04867499999999993
0 0.5600833333333334 0.730925 0.03596666666666674 0.0460499999999999
0 0.7087666666666667 0.6420999999999999 0.029816666666666644 0.04737500000000004
0 0.7140333333333334 0.46314999999999995 0.03508333333333326 0.042099999999999936
0 0.7548166666666667 0.4954 0.034216666666666624 0.038149999999999976
0 0.6693 0.859875 0.0473666666666666 0.0460499999999999
0 0.7636000000000001 0.7427750000000001 0.03245000000000005 0.038149999999999976
0 0.9587666666666667 0.53355 0.03333333333333333 0.03290000000000006
0 0.9556999999999999 0.4658 0.02894999999999982 0.03685000000000002
0 0.72105 0.23684999999999998 0.03685000000000002 0.03685000000000002
0 0.74035 0.16972500000000001 0.03685000000000002 0.04737499999999999
0 0.81755 0.248675 0.03508333333333326 0.034200000000000015