0 0.2579 0.16842500000000002 0.04034999999999997 0.05262500000000001
0 0.8491166666666667 0.109875 0.05263333333333331 0.06447499999999999
0 0.9495666666666667 0.34145000000000003 0.05701666666666673 0.07237499999999997
0 0.95 0.6243500000000001 0.057900000000000014 0.08027500000000004
0 0.31446666666666667 0.5046 0.04824999999999998 0.05132500000000007
0 0.0728 0.502625 0.04035 0.06052499999999995
0 0.07105 0.37237499999999996 0.028066666666666674 0.052625000000000026
0 0.07411666666666666 0.6967 0.03946666666666668 0.0539500000000001
0 0.14386666666666664 0.85065 0.04561666666666667 0.05919999999999988
0 0.22324999999999998 0.8460500000000001 0.04473333333333331 0.06314999999999998
0 0.43201666666666666 0.91645 0.05351666666666669 0.05919999999999988