0 0.2522 0.07762500000000001 0.07981666666666665 0.055275000000000005
0 0.29911666666666664 0.1125 0.04561666666666667 0.03815000000000001
0 0.3214833333333333 0.323675 0.028950000000000007 0.04737499999999997
0 0.5219333333333334 0.255925 0.02806666666666672 0.04605000000000004
0 0.2579 0.49472499999999997 0.038600000000000044 0.05
0 0.11491666666666667 0.3329 0.04386666666666666 0.044724999999999966
0 0.0886 0.5954 0.03685000000000001 0.038149999999999976
0 0.18728333333333333 0.6533 0.04298333333333332 0.046049999999999966
0 0.15921666666666667 0.8986750000000001 0.058766666666666655 0.04737500000000011
0 0.5491166666666667 0.773025 0.0526333333333334 0.05132499999999993
0 0.5916666666666667 0.8348749999999999 0.05 0.05919999999999988
0 0.5719333333333334 0.4671 0.042099999999999985 0.042099999999999936
0 0.5513166666666667 0.567775 0.04123333333333335 0.04079999999999998
0 0.68465 0.60065 0.034216666666666624 0.048675000000000065
0 0.7342166666666666 0.6789499999999999 0.04035000000000006 0.05527500000000003
0 0.8587666666666667 0.53355 0.042099999999999985 0.04867499999999993
0 0.8995666666666667 0.38487499999999997 0.03596666666666654 0.048675000000000065