0 0.06403333333333333 0.7144750000000001 0.01228333333333334 0.007899999999999921
0 0.26886666666666664 0.08355 0.058766666666666655 0.04079999999999999
0 0.32675000000000004 0.111175 0.04473333333333329 0.04079999999999998
0 0.5377166666666666 0.23157499999999998 0.03333333333333333 0.052625000000000026
0 0.6179833333333333 0.2296 0.028950000000000007 0.030275000000000035
0 0.6864 0.25395 0.034216666666666624 0.044725000000000036
0 0.9513166666666666 0.49145000000000005 0.03771666666666685 0.04867499999999993
0 0.6254333333333333 0.7920999999999999 0.03508333333333326 0.04737500000000011
0 0.6320166666666667 0.85 0.04123333333333335 0.05
0 0.18553333333333333 0.5408 0.034216666666666666 0.03947500000000005
0 0.15 0.6092 0.028066666666666674 0.042099999999999936
0 0.022366666666666667 0.65065 0.021933333333333332 0.030275000000000035
0 0.12368333333333333 0.77435 0.029816666666666693 0.05132499999999993
0 0.22981666666666664 0.8283 0.02456666666666668 0.056574999999999986
0 0.2114 0.88815 0.04034999999999999 0.04737500000000011
0 0.29868333333333336 0.59145 0.030700000000000026 0.04867499999999993
0 0.6127166666666667 0.5006499999999999 0.034216666666666624 0.04079999999999998