0 0.06315 0.5342 0.05263333333333333 0.04737499999999997
0 0.11535 0.534875 0.051750000000000004 0.059200000000000016
0 0.3552666666666667 0.444075 0.05263333333333331 0.059200000000000016
0 0.26185 0.664475 0.042983333333333366 0.044724999999999966
0 0.5193 0.6256499999999999 0.05613333333333325 0.07762499999999996
0 0.44780000000000003 0.080275 0.05701666666666668 0.06842500000000001
0 0.4399166666666666 0.15592499999999998 0.06403333333333332 0.05919999999999998
0 0.7837666666666666 0.15395 0.0763166666666666 0.07895000000000002
0 0.9285166666666667 0.597375 0.055266666666666804 0.06052499999999995
0 0.8403499999999999 0.7210500000000001 0.06140000000000005 0.06580000000000012
0 0.6640333333333334 0.942775 0.057900000000000014 0.0460499999999999