0 0.5517500000000001 0.0875 0.04911666666666671 0.06184999999999999
0 0.5728 0.16185 0.03333333333333333 0.05
0 0.3772 0.1467 0.03685000000000002 0.04080000000000002
0 0.5609666666666666 0.559875 0.05351666666666669 0.06709999999999994
0 0.6868500000000001 0.49737499999999996 0.04561666666666667 0.06314999999999998
0 0.8236833333333333 0.60395 0.04911666666666671 0.07105000000000004
0 0.8877166666666667 0.656575 0.03333333333333333 0.05527500000000003
0 0.8535166666666667 0.75 0.03508333333333326 0.044724999999999966
0 0.7478 0.884875 0.04123333333333335 0.0539500000000001
0 0.35613333333333336 0.784875 0.04034999999999997 0.05132499999999993
0 0.30395 0.63355 0.058766666666666655 0.04079999999999998
0 0.06315 0.4717 0.07018333333333333 0.04342500000000001