0 0.25481666666666664 0.055275 0.05351666666666669 0.05262499999999999
0 0.44078333333333336 0.061175 0.046483333333333314 0.05920000000000001
0 0.6894666666666667 0.064475 0.042099999999999985 0.05789999999999999
0 0.6570166666666666 0.567775 0.042099999999999985 0.048675000000000065
0 0.7522 0.560525 0.03946666666666658 0.052625000000000026
0 0.7833333333333333 0.49935 0.0473666666666666 0.04342500000000001
0 0.9666666666666667 0.552625 0.061399999999999864 0.044724999999999966
0 0.6754333333333333 0.6868500000000001 0.05964999999999994 0.04210000000000008
0 0.5048166666666667 0.932225 0.06053333333333342 0.0539500000000001
0 0.2214833333333333 0.894075 0.05175000000000002 0.056574999999999986
0 0.0329 0.72565 0.04123333333333334 0.0539500000000001
0 0.1329 0.518425 0.04824999999999998 0.06579999999999998
0 0.0329 0.457225 0.03771666666666667 0.05132499999999993