0 0.5614 0.044074999999999996 0.07895 0.08814999999999999
0 0.8605333333333334 0.3467 0.05613333333333335 0.06185000000000002
0 0.42018333333333335 0.211175 0.054383333333333325 0.051325
0 0.4223666666666666 0.089475 0.0412333333333333 0.04737500000000001
0 0.20701666666666665 0.12237500000000001 0.06491666666666669 0.05
0 0.11535 0.45262500000000006 0.05351666666666666 0.05790000000000006
0 0.2171 0.476325 0.03946666666666668 0.04737499999999997
0 0.2943 0.5658 0.06403333333333336 0.04737499999999997
0 0.24035 0.668425 0.06314999999999998 0.07104999999999997
0 0.3114 0.65 0.03158333333333332 0.044724999999999966
0 0.40263333333333334 0.744075 0.05263333333333331 0.06972499999999997
0 0.38728333333333337 0.8046 0.058766666666666655 0.06185000000000002