0 0.29035 0.1079 0.050883333333333385 0.0658
0 0.7043833333333334 0.110525 0.06140000000000005 0.07367499999999999
0 0.6815833333333333 0.16117499999999998 0.05964999999999994 0.07762500000000001
0 0.425 0.498675 0.06403333333333332 0.05790000000000006
0 0.30833333333333335 0.32104999999999995 0.042983333333333366 0.07367499999999996
0 0.14561666666666667 0.334875 0.04386666666666666 0.07762500000000003
0 0.08596666666666666 0.36645000000000005 0.04736666666666666 0.08814999999999998
0 0.29824999999999996 0.8033 0.06841666666666668 0.075
0 0.37105 0.7605249999999999 0.08070000000000002 0.07632499999999993
0 0.6263166666666667 0.598675 0.03685000000000002 0.06314999999999998
0 0.7127166666666667 0.7861750000000001 0.04473333333333339 0.06447499999999991
0 0.8579 0.7098749999999999 0.03684999999999993 0.06972499999999997