0 0.3201833333333334 0.119075 0.047366666666666696 0.06184999999999999
0 0.20964999999999998 0.180925 0.04561666666666665 0.048674999999999996
0 0.12411666666666667 0.31447500000000006 0.04473333333333334 0.04737500000000001
0 0.12588333333333335 0.43685 0.04473333333333334 0.05790000000000006
0 0.06666666666666667 0.43355 0.050883333333333336 0.059200000000000016
0 0.07018333333333333 0.7605249999999999 0.05263333333333333 0.06052500000000009
0 0.1228 0.792775 0.054383333333333325 0.056574999999999986
0 0.5043833333333333 0.182225 0.05613333333333325 0.05395000000000001
0 0.7236833333333333 0.17895 0.06314999999999998 0.06052500000000002
0 0.9675499999999999 0.398025 0.04911666666666671 0.06185000000000002
0 0.9684166666666666 0.551975 0.04035000000000006 0.06709999999999994