0 0.16973333333333335 0.11382500000000001 0.05175000000000002 0.04342500000000001
0 0.03903333333333334 0.24145 0.0693 0.051325
0 0.12325 0.40197499999999997 0.03771666666666666 0.04079999999999998
0 0.04956666666666666 0.525 0.04123333333333334 0.042099999999999936
0 0.09605000000000001 0.644075 0.042983333333333346 0.046049999999999966
0 0.29386666666666666 0.7723749999999999 0.03685000000000002 0.044724999999999966
0 0.3894666666666667 0.668425 0.04386666666666666 0.05
0 0.5723666666666667 0.67435 0.05 0.04080000000000013
0 0.6043833333333333 0.8467 0.022799999999999918 0.038149999999999976
0 0.5105333333333333 0.91185 0.03859999999999995 0.044724999999999966
0 0.8307 0.8920999999999999 0.04035000000000006 0.04210000000000008
0 0.7070166666666666 0.7236750000000001 0.03685000000000002 0.03685000000000002
0 0.8201833333333334 0.7138249999999999 0.03508333333333326 0.03552500000000009
0 0.4986833333333333 0.351975 0.03596666666666674 0.04079999999999998
0 0.3864 0.3671 0.030700000000000026 0.044724999999999966
0 0.40395000000000003 0.111175 0.03596666666666664 0.04605000000000001
0 0.4307 0.023025000000000004 0.03508333333333331 0.038149999999999996
0 0.3491166666666667 0.735525 0.02456666666666668 0.026324999999999932