0 0.55395 0.13092499999999999 0.04473333333333339 0.04605000000000001
0 0.4714833333333333 0.26315 0.046483333333333314 0.042100000000000005
0 0.25306666666666666 0.6171 0.07456666666666668 0.03947500000000005
0 0.20043333333333335 0.652625 0.09911666666666666 0.04737500000000004
0 0.3478 0.932225 0.03771666666666666 0.048675000000000065
0 0.4973666666666667 0.782225 0.04911666666666671 0.056574999999999986
0 0.5956166666666667 0.5908 0.03333333333333333 0.052625000000000026
0 0.5863999999999999 0.4 0.03596666666666674 0.05
0 0.6951833333333334 0.506575 0.03771666666666666 0.05527500000000003
0 0.7057 0.594725 0.046483333333333314 0.044724999999999966
0 0.7065833333333333 0.6960500000000001 0.034216666666666624 0.04210000000000008
0 0.7355333333333334 0.8 0.04123333333333335 0.05
0 0.7329 0.8704000000000001 0.05351666666666669 0.05919999999999988
0 0.8434166666666666 0.07367499999999999 0.06578333333333329 0.05262499999999999