0 0.17325000000000002 0.43420000000000003 0.04298333333333332 0.06052499999999995
0 0.08771666666666667 0.59145 0.05613333333333332 0.04867499999999993
0 0.027200000000000002 0.70395 0.03508333333333333 0.05262499999999989
0 0.12981666666666666 0.880925 0.04386666666666666 0.056574999999999986
0 0.225 0.91315 0.04473333333333331 0.04737500000000011
0 0.19824999999999998 0.780925 0.03333333333333331 0.048675000000000065
0 0.3320166666666667 0.5848749999999999 0.021933333333333374 0.04079999999999998
0 0.30263333333333337 0.914475 0.04386666666666666 0.044724999999999966
0 0.4065833333333333 0.8920999999999999 0.03946666666666668 0.039474999999999906
0 0.4754333333333333 0.9710500000000001 0.026316666666666606 0.044724999999999966
0 0.65395 0.8467 0.03771666666666666 0.05132499999999993
0 0.83465 0.7125 0.03596666666666674 0.048675000000000065
0 0.7495666666666667 0.62105 0.04123333333333335 0.04737499999999997
0 0.9079 0.33354999999999996 0.06666666666666667 0.05132500000000004
0 0.6311333333333333 0.4533 0.04123333333333335 0.04079999999999998
0 0.41185000000000005 0.38685 0.03069999999999998 0.03947500000000005
0 0.36798333333333333 0.144725 0.05701666666666663 0.04737499999999999
0 0.3693 0.061849999999999995 0.05613333333333335 0.04737499999999999
0 0.6008833333333333 0.248025 0.02806666666666672 0.04342500000000001