0 0.37806666666666666 0.15657500000000002 0.03333333333333333 0.05262499999999999
0 0.21841666666666668 0.298675 0.029816666666666644 0.044724999999999966
0 0.3535166666666667 0.29605 0.019299999999999973 0.042100000000000005
0 0.19605 0.5 0.025433333333333318 0.05527500000000003
0 0.20263333333333336 0.669725 0.03158333333333334 0.04210000000000008
0 0.07806666666666667 0.7454000000000001 0.03333333333333333 0.04080000000000013
0 0.2636 0.919075 0.028950000000000007 0.04080000000000013
0 0.3 0.730275 0.042099999999999985 0.057899999999999924
0 0.39255 0.514475 0.028950000000000007 0.04737499999999997
0 0.5486833333333333 0.3329 0.03245000000000005 0.044724999999999966
0 0.7434166666666667 0.252625 0.06578333333333337 0.052625000000000026
0 0.7214833333333334 0.411175 0.04825000000000008 0.056574999999999986
0 0.6872833333333334 0.643425 0.03946666666666658 0.03947499999999998
0 0.62675 0.7835500000000001 0.03245000000000005 0.04080000000000013
0 0.6254333333333333 0.872375 0.03333333333333333 0.05527500000000003
0 0.7600833333333333 0.6920999999999999 0.05526666666666662 0.05262499999999989
0 0.9004333333333333 0.57565 0.044733333333333195 0.04605000000000004
0 0.9486833333333334 0.4592 0.04123333333333335 0.052625000000000026