0 0.22806666666666667 0.098675 0.04561666666666667 0.03947499999999999
0 0.3065833333333333 0.0533 0.04473333333333329 0.05919999999999999
0 0.69255 0.126325 0.05351666666666669 0.05789999999999999
0 0.6324500000000001 0.15987500000000002 0.0473666666666666 0.051325
0 0.7587666666666667 0.44935 0.06314999999999998 0.06185000000000002
0 0.6206166666666667 0.456575 0.046483333333333314 0.04737499999999997
0 0.23991666666666664 0.49472499999999997 0.05351666666666669 0.05527500000000003
0 0.44166666666666665 0.518425 0.03596666666666669 0.044724999999999966
0 0.5561333333333334 0.534875 0.04561666666666667 0.04342500000000001
0 0.5166666666666667 0.6158 0.05613333333333325 0.042099999999999936
0 0.49123333333333336 0.769075 0.06666666666666667 0.048675000000000065
0 0.6934166666666667 0.6842 0.06228333333333334 0.044724999999999966
0 0.9276333333333334 0.611175 0.03596666666666654 0.05394999999999996
0 0.8302666666666667 0.794075 0.04473333333333339 0.0460499999999999
0 0.73245 0.905275 0.0473666666666666 0.05527500000000003
0 0.3114 0.825 0.050883333333333385 0.06314999999999998