0 0.21228333333333335 0.10064999999999999 0.04561666666666667 0.04605000000000001
0 0.2728 0.139475 0.054383333333333325 0.055275
0 0.4464833333333333 0.164475 0.04035000000000001 0.03947499999999998
0 0.3912333333333333 0.255925 0.02456666666666668 0.038149999999999976
0 0.33508333333333334 0.323025 0.05263333333333331 0.056574999999999986
0 0.43815 0.43355 0.03771666666666666 0.05132500000000007
0 0.22193333333333332 0.892775 0.047366666666666696 0.05919999999999988
0 0.5293833333333333 0.46842500000000004 0.05526666666666662 0.03685000000000002
0 0.5302666666666667 0.226325 0.04825000000000008 0.05
0 0.6649166666666666 0.11315 0.054383333333333325 0.05789999999999999
0 0.7723666666666666 0.18420000000000003 0.04298333333333327 0.03947499999999998
0 0.86315 0.41314999999999996 0.029816666666666738 0.03947500000000005
0 0.9035166666666666 0.394725 0.04386666666666656 0.05790000000000006
0 0.9565833333333335 0.3079 0.04123333333333335 0.04737499999999997
0 0.5723666666666667 0.755275 0.03771666666666666 0.044724999999999966
0 0.5973666666666667 0.492775 0.04561666666666667 0.048675000000000065
0 0.5728 0.8388249999999999 0.05613333333333325 0.0539500000000001