0 0.3969333333333333 0.11315 0.04123333333333335 0.042100000000000005
0 0.5693 0.114475 0.0473666666666666 0.06052499999999998
0 0.2969333333333333 0.172375 0.03946666666666668 0.05262500000000001
0 0.19166666666666668 0.27302499999999996 0.04824999999999998 0.04342500000000001
0 0.42018333333333335 0.40722499999999995 0.06666666666666667 0.05132499999999993
0 0.0522 0.52105 0.05 0.04737499999999997
0 0.09956666666666666 0.66645 0.044733333333333326 0.0460499999999999
0 0.15 0.690125 0.04561666666666667 0.04080000000000013
0 0.19078333333333333 0.73815 0.04824999999999998 0.05
0 0.31271666666666664 0.87105 0.04123333333333335 0.05262499999999989
0 0.425 0.8769750000000001 0.04473333333333334 0.048675000000000065
0 0.42543333333333333 0.9375 0.04736666666666665 0.05132499999999993
0 0.62895 0.9361750000000001 0.04561666666666667 0.048675000000000065
0 0.8008833333333333 0.9368500000000001 0.04911666666666671 0.05527500000000003