0 0.10631666666666667 0.158225 0.07019999999999998 0.05132500000000002
0 0.21741666666666665 0.16579999999999998 0.06211666666666666 0.048275000000000005
0 0.04216666666666667 0.32182499999999997 0.05101666666666667 0.042150000000000035
0 0.43435 0.1696 0.06263333333333336 0.037674999999999986
0 0.55555 0.0969 0.06868333333333339 0.040749999999999995
0 0.7040333333333334 0.32182499999999997 0.044449999999999934 0.05122500000000002
0 0.6606000000000001 0.67135 0.03838333333333329 0.0547999999999999
0 0.5573166666666667 0.6812 0.044950000000000045 0.04722499999999997
0 0.08586666666666667 0.6974750000000001 0.04445 0.047975000000000136
0 0.43333333333333335 0.8194 0.04848333333333334 0.055475000000000135
0 0.35455 0.9565 0.05455000000000003 0.06297500000000014
0 0.49696666666666667 0.956875 0.04241666666666674 0.053125
0 0.8697 0.5089 0.04241666666666674 0.07079999999999999
0 0.9164166666666667 0.567975 0.06211666666666664 0.06167500000000004
0 0.1447 0.47784999999999994 0.04393333333333336 0.06325000000000003
0 0.8956999999999999 0.789875 0.042933333333333316 0.06004999999999996
0 0.6464666666666666 0.866375 0.032316666666666646 0.04939999999999998
0 0.6828333333333333 0.8428749999999999 0.04241666666666674 0.05697499999999991