0 0.36793333333333333 0.09045 0.05403333333333336 0.06574999999999999
0 0.3681833333333333 0.14004999999999998 0.05151666666666671 0.05132499999999998
0 0.10403333333333334 0.219575 0.04444999999999999 0.055825000000000034
0 0.09975 0.33395 0.05706666666666666 0.06637500000000003
0 0.15201666666666666 0.45285 0.04545000000000002 0.043575000000000016
0 0.0995 0.641425 0.047466666666666664 0.04497500000000002
0 0.15403333333333333 0.6278 0.05353333333333334 0.05407499999999999
0 0.3641333333333333 0.6111249999999999 0.04949999999999998 0.04802499999999995
0 0.3654 0.32939999999999997 0.040916666666666685 0.048199999999999965
0 0.5530333333333334 0.3544 0.03939999999999998 0.05272499999999994
0 0.36111666666666664 0.897425 0.037366666666666694 0.04784999999999997
0 0.36338333333333334 0.95195 0.04494999999999995 0.03875
0 0.8782833333333334 0.601675 0.059599999999999986 0.051825000000000045
0 0.8878833333333334 0.6823250000000001 0.06666666666666667 0.044950000000000045
0 0.8803 0.760325 0.05758333333333326 0.05247500000000002