0 0.059083333333333335 0.48767499999999997 0.10606666666666668 0.08295000000000002
0 0.18763333333333335 0.261225 0.09343333333333335 0.0664
0 0.25303333333333333 0.212775 0.08788333333333334 0.06037500000000001
0 0.5838333333333333 0.364225 0.07676666666666676 0.06332499999999996
0 0.42475 0.762975 0.1101 0.06534999999999996
0 0.5712166666666667 0.46270000000000006 0.05151666666666661 0.06932500000000004
0 0.59445 0.6111249999999999 0.05555000000000007 0.05712500000000006
0 0.6335833333333333 0.495625 0.07020000000000001 0.057950000000000015
0 0.9338333333333333 0.600525 0.08586666666666663 0.05409999999999997
0 0.9293 0.659225 0.1010166666666665 0.04875
0 0.9404 0.741775 0.0989833333333335 0.05930000000000007
0 0.9141333333333334 0.78645 0.11919999999999997 0.06685000000000002