0 0.4895833333333333 0.118125 0.0675 0.05125
0 0.36291666666666667 0.22625 0.0775 0.055
0 0.23958333333333334 0.285 0.0725 0.0625
0 0.19875 0.575 0.06916666666666667 0.065
0 0.10166666666666667 0.6225 0.1 0.05
0 0.40708333333333335 0.883125 0.0775 0.05875
0 0.465 0.650625 0.08833333333333333 0.06875
0 0.6016666666666667 0.538125 0.1 0.05125
0 0.4820833333333333 0.395625 0.0925 0.06125
0 0.6945833333333333 0.318125 0.0875 0.06375
0 0.86875 0.394375 0.04416666666666667 0.07875
0 0.7479166666666667 0.42 0.06416666666666666 0.06
0 0.8695833333333334 0.68625 0.04416666666666667 0.0675
0 0.6641666666666667 0.781875 0.06166666666666667 0.05125
0 0.56375 0.929375 0.08083333333333333 0.06625