0 0.11666666666666667 0.1075 0.09 0.05
0 0.11166666666666666 0.191875 0.10166666666666667 0.05625
0 0.41208333333333336 0.135625 0.1275 0.06125
0 0.12375 0.570625 0.12916666666666668 0.05375
0 0.035416666666666666 0.4875 0.059166666666666666 0.065
0 0.0825 0.7325 0.09166666666666666 0.0625
0 0.13083333333333333 0.805625 0.08833333333333333 0.06375
0 0.64125 0.390625 0.1025 0.04625
0 0.81625 0.376875 0.11416666666666667 0.05625
0 0.9020833333333333 0.594375 0.0925 0.05125
0 0.8875 0.715625 0.07166666666666667 0.05625
0 0.6345833333333334 0.80125 0.08916666666666667 0.0575
0 0.5420833333333334 0.90125 0.06916666666666667 0.055