0 0.25101666666666667 0.162775 0.11413333333333336 0.06039999999999999
0 0.1495 0.33242499999999997 0.04444999999999998 0.06332499999999996
0 0.10579999999999999 0.42255000000000004 0.05101666666666667 0.052674999999999986
0 0.059849999999999993 0.48692500000000005 0.05606666666666667 0.05415000000000006
0 0.5472166666666667 0.35515 0.0671666666666666 0.054224999999999995
0 0.7351 0.059400000000000015 0.14596666666666674 0.05820000000000001
0 0.7858666666666666 0.1643 0.1474666666666667 0.06342500000000001
0 0.8292999999999999 0.45057499999999995 0.06060000000000002 0.05417500000000004
0 0.28636666666666666 0.6145499999999999 0.06363333333333335 0.04120000000000004
0 0.36793333333333333 0.7701749999999999 0.07221666666666664 0.05702499999999986
0 0.44343333333333335 0.8364499999999999 0.06868333333333335 0.05775000000000006