0 0.36 0.14625 0.07 0.0625
0 0.27625 0.191875 0.08916666666666667 0.05375
0 0.16541666666666666 0.35625 0.1025 0.08
0 0.10083333333333333 0.441875 0.051666666666666666 0.04375
0 0.13 0.545 0.04 0.0775
0 0.11416666666666667 0.72375 0.10166666666666667 0.0725
0 0.45666666666666667 0.549375 0.085 0.05375
0 0.5445833333333333 0.714375 0.060833333333333336 0.04875
0 0.3825 0.94125 0.056666666666666664 0.06
0 0.6375 0.940625 0.05 0.04375
0 0.7195833333333334 0.86 0.07583333333333334 0.055
0 0.64375 0.260625 0.1025 0.04875
0 0.915 0.319375 0.07833333333333334 0.05375
0 0.9016666666666666 0.41625 0.075 0.0575
0 0.9775 0.451875 0.03833333333333333 0.07375
0 0.9766666666666667 0.634375 0.04666666666666667 0.06625
0 0.8825 0.669375 0.08166666666666667 0.04625
0 0.9366666666666666 0.80875 0.085 0.055