0 0.44083333333333335 0.13 0.07333333333333333 0.0425
0 0.7416666666666667 0.15125 0.06666666666666667 0.0525
0 0.7004166666666667 0.371875 0.06916666666666667 0.04875
0 0.4125 0.429375 0.041666666666666664 0.05375
0 0.15916666666666668 0.233125 0.09166666666666666 0.04625
0 0.11416666666666667 0.68375 0.035 0.0525
0 0.3825 0.645 0.07166666666666667 0.05
0 0.6491666666666667 0.91 0.041666666666666664 0.0475
0 0.545 0.969375 0.056666666666666664 0.04625
0 0.76125 0.8575 0.034166666666666665 0.045
0 0.7808333333333334 0.63625 0.065 0.0425
0 0.8758333333333334 0.748125 0.03833333333333333 0.04125
0 0.9395833333333333 0.52375 0.034166666666666665 0.0525