0 0.38333333333333336 0.188125 0.07 0.05625
0 0.695 0.220625 0.08666666666666667 0.06875
0 0.8233333333333334 0.41375 0.08166666666666667 0.075
0 0.94125 0.658125 0.034166666666666665 0.06125
0 0.65125 0.9075 0.0475 0.0475
0 0.4354166666666667 0.889375 0.0725 0.04875
0 0.4579166666666667 0.82875 0.0675 0.0625
0 0.05583333333333333 0.63 0.07333333333333333 0.0525
0 0.23916666666666667 0.660625 0.06833333333333333 0.05375
0 0.16125 0.470625 0.07583333333333334 0.05125
0 0.2504166666666667 0.43375 0.059166666666666666 0.055
0 0.54375 0.496875 0.0375 0.06125