0 0.09541666666666666 0.134375 0.059166666666666666 0.06125
0 0.04541666666666667 0.3425 0.05416666666666667 0.055
0 0.2608333333333333 0.289375 0.058333333333333334 0.05875
0 0.26125 0.511875 0.035833333333333335 0.05625
0 0.3570833333333333 0.915625 0.029166666666666667 0.04375
0 0.5116666666666667 0.920625 0.04 0.06625
0 0.74875 0.92 0.0625 0.0625
0 0.6183333333333333 0.1925 0.03833333333333333 0.045
0 0.52125 0.28 0.0275 0.0575
0 0.8275 0.188125 0.03166666666666667 0.05125
0 0.9629166666666666 0.215 0.035833333333333335 0.07
0 0.9420833333333334 0.489375 0.035833333333333335 0.08625
0 0.8854166666666666 0.725625 0.04083333333333333 0.07625