0 0.3775 0.1125 0.06833333333333333 0.05
0 0.53375 0.11625 0.05416666666666667 0.055
0 0.54375 0.210625 0.059166666666666666 0.05875
0 0.5283333333333333 0.281875 0.065 0.05375
0 0.72125 0.34125 0.08083333333333333 0.0675
0 0.8075 0.355 0.03166666666666667 0.09
0 0.8070833333333334 0.6125 0.04083333333333333 0.095
0 0.68125 0.535625 0.0675 0.04625
0 0.56 0.73125 0.08333333333333333 0.055
0 0.705 0.909375 0.07666666666666666 0.06625
0 0.4266666666666667 0.425625 0.07333333333333333 0.05125
0 0.37916666666666665 0.52625 0.06166666666666667 0.0475
0 0.3670833333333333 0.724375 0.08416666666666667 0.05125
0 0.3933333333333333 0.945 0.03666666666666667 0.0525
0 0.5529166666666666 0.953125 0.0575 0.05125
0 0.21083333333333334 0.6475 0.06333333333333334 0.06
0 0.14416666666666667 0.481875 0.056666666666666664 0.05625
0 0.21666666666666667 0.4025 0.041666666666666664 0.095