0 0.48625 0.0725 0.04583333333333333 0.0475
0 0.48583333333333334 0.12375 0.04 0.05
0 0.43416666666666665 0.309375 0.03666666666666667 0.08875
0 0.16208333333333333 0.26625 0.0525 0.06
0 0.13875 0.459375 0.07583333333333334 0.05625
0 0.024583333333333332 0.75125 0.049166666666666664 0.0775
0 0.4870833333333333 0.77125 0.06583333333333333 0.055
0 0.4820833333333333 0.835 0.0675 0.055
0 0.4816666666666667 0.90875 0.075 0.055
0 0.8716666666666667 0.646875 0.041666666666666664 0.10125
0 0.9245833333333333 0.47625 0.0425 0.105
0 0.9729166666666667 0.305625 0.0425 0.09625
0 0.64125 0.285625 0.07083333333333333 0.05125
0 0.5266666666666666 0.47375 0.07166666666666667 0.0525