0 0.5270833333333333 0.06625 0.06916666666666667 0.055
0 0.5233333333333333 0.123125 0.07333333333333333 0.04625
0 0.5245833333333333 0.17625 0.07583333333333334 0.055
0 0.4375 0.38125 0.05333333333333334 0.105
0 0.26666666666666666 0.326875 0.06666666666666667 0.05875
0 0.13416666666666666 0.45625 0.03833333333333333 0.11
0 0.09125 0.46625 0.04083333333333333 0.1025
0 0.24708333333333332 0.7025 0.06583333333333333 0.065
0 0.32458333333333333 0.765 0.08583333333333333 0.07
0 0.34541666666666665 0.89625 0.06916666666666667 0.065
0 0.6116666666666667 0.870625 0.051666666666666666 0.06625
0 0.5241666666666667 0.9475 0.065 0.0525
0 0.5241666666666667 0.491875 0.03833333333333333 0.10625
0 0.56375 0.501875 0.034166666666666665 0.12125
0 0.6145833333333334 0.248125 0.0475 0.04625
0 0.6145833333333334 0.4475 0.04416666666666667 0.09
0 0.75375 0.709375 0.04416666666666667 0.04625
0 0.67625 0.4025 0.03916666666666667 0.0975
0 0.92125 0.46625 0.03916666666666667 0.1075
0 0.8258333333333333 0.704375 0.043333333333333335 0.11375