0 0.35125 0.043125 0.0475 0.04375
0 0.50625 0.285 0.049166666666666664 0.075
0 0.43125 0.528125 0.04583333333333333 0.06125
0 0.14208333333333334 0.569375 0.0525 0.07125
0 0.29791666666666666 0.880625 0.0675 0.06875
0 0.43416666666666665 0.786875 0.056666666666666664 0.07125
0 0.5504166666666667 0.935625 0.035833333333333335 0.04625
0 0.7525 0.854375 0.06166666666666667 0.05125
0 0.8475 0.75 0.03833333333333333 0.065
0 0.8604166666666667 0.609375 0.035833333333333335 0.06625
0 0.6283333333333333 0.38375 0.06166666666666667 0.07