0 0.13041666666666665 0.094375 0.07083333333333333 0.05875
0 0.07333333333333333 0.44875 0.09166666666666666 0.0675
0 0.19541666666666666 0.898125 0.0625 0.05125
0 0.3908333333333333 0.3975 0.075 0.045
0 0.635 0.413125 0.08833333333333333 0.06875
0 0.46375 0.900625 0.06916666666666667 0.05875
0 0.7070833333333333 0.9 0.05583333333333333 0.055
0 0.86625 0.90125 0.05416666666666667 0.0625
0 0.92625 0.53875 0.04583333333333333 0.085
0 0.93125 0.355 0.0425 0.1075
0 0.7733333333333333 0.13625 0.06166666666666667 0.0525