0 0.12166666666666667 0.103125 0.09833333333333333 0.06375
0 0.37875 0.100625 0.09916666666666667 0.06125
0 0.6675 0.115625 0.10666666666666667 0.07875
0 0.6516666666666666 0.295625 0.058333333333333334 0.07375
0 0.5275 0.405 0.06 0.08
0 0.36666666666666664 0.43375 0.07166666666666667 0.06
0 0.3120833333333333 0.524375 0.06916666666666667 0.14375
0 0.30625 0.724375 0.10083333333333333 0.07625
0 0.16625 0.904375 0.0575 0.05625
0 0.48791666666666667 0.95 0.07916666666666666 0.06
0 0.8870833333333333 0.511875 0.04416666666666667 0.11875
0 0.5820833333333333 0.635 0.1025 0.0725