0 0.07 0.103125 0.09166666666666666 0.04375
0 0.145 0.510625 0.058333333333333334 0.05625
0 0.18166666666666667 0.6225 0.05 0.075
0 0.2833333333333333 0.450625 0.045 0.05625
0 0.3854166666666667 0.305625 0.0425 0.07125
0 0.33958333333333335 0.6425 0.034166666666666665 0.045
0 0.3541666666666667 0.935 0.055 0.045
0 0.5275 0.9325 0.05 0.0675
0 0.5229166666666667 0.600625 0.0375 0.06125
0 0.65625 0.75625 0.0425 0.0675
0 0.6804166666666667 0.929375 0.04583333333333333 0.06125
0 0.7375 0.439375 0.07833333333333334 0.05625
0 0.51 0.3075 0.03 0.045
0 0.49583333333333335 0.206875 0.03166666666666667 0.04125
0 0.5108333333333334 0.106875 0.06666666666666667 0.06875
0 0.6741666666666667 0.104375 0.051666666666666666 0.06375
0 0.9025 0.274375 0.06 0.09125
0 0.8716666666666667 0.4675 0.095 0.0425
0 0.8254166666666667 0.53375 0.08916666666666667 0.0475
0 0.93375 0.585625 0.05416666666666667 0.05625
0 0.97125 0.271875 0.04083333333333333 0.08625