0 0.6591666666666667 0.214375 0.10833333333333334 0.07625
0 0.8841666666666667 0.58 0.04666666666666667 0.1
0 0.6083333333333333 0.615 0.085 0.06
0 0.66875 0.879375 0.0625 0.04875
0 0.6816666666666666 0.95 0.09166666666666666 0.0675
0 0.5375 0.888125 0.055 0.05625
0 0.39916666666666667 0.930625 0.041666666666666664 0.06125
0 0.36583333333333334 0.636875 0.051666666666666666 0.09625
0 0.38666666666666666 0.398125 0.04833333333333333 0.09625
0 0.2991666666666667 0.393125 0.06 0.12375
0 0.31958333333333333 0.225 0.0925 0.065
0 0.11625 0.49 0.03916666666666667 0.0625
0 0.21041666666666667 0.70125 0.03916666666666667 0.05
0 0.11375 0.3025 0.0375 0.06
0 0.027083333333333334 0.39125 0.04416666666666667 0.06
0 0.10833333333333334 0.095 0.06166666666666667 0.0775