0 0.51625 0.09875 0.06583333333333333 0.0475
0 0.5108333333333334 0.149375 0.07166666666666667 0.04875
0 0.5154166666666666 0.2225 0.06916666666666667 0.0575
0 0.5445833333333333 0.4175 0.08583333333333333 0.06
0 0.6820833333333334 0.469375 0.05416666666666667 0.05875
0 0.715 0.7675 0.056666666666666664 0.0575
0 0.8691666666666666 0.95375 0.07666666666666666 0.0775
0 0.46 0.580625 0.05333333333333334 0.06125
0 0.4575 0.4875 0.04833333333333333 0.0625
0 0.465 0.6725 0.058333333333333334 0.0475
0 0.39625 0.75 0.0725 0.0575
0 0.16458333333333333 0.589375 0.0325 0.07875
0 0.12041666666666667 0.588125 0.035833333333333335 0.08125
0 0.07 0.584375 0.045 0.07875