0 0.50625 0.0725 0.09583333333333334 0.06
0 0.5104166666666666 0.141875 0.0975 0.05625
0 0.43041666666666667 0.2875 0.050833333333333335 0.0675
0 0.5116666666666667 0.434375 0.09333333333333334 0.05875
0 0.5108333333333334 0.5075 0.10333333333333333 0.055
0 0.09875 0.6125 0.0825 0.0425
0 0.04958333333333333 0.480625 0.04416666666666667 0.09375
0 0.28291666666666665 0.8 0.08583333333333333 0.055
0 0.5679166666666666 0.6825 0.0525 0.0825
0 0.5108333333333334 0.87 0.09833333333333333 0.06
0 0.7379166666666667 0.815 0.10083333333333333 0.05
0 0.8633333333333333 0.614375 0.095 0.05125
0 0.9495833333333333 0.71125 0.05416666666666667 0.105
0 0.9541666666666667 0.304375 0.055 0.09625