0 0.23208333333333334 0.125625 0.0825 0.05375
0 0.13416666666666666 0.263125 0.10666666666666667 0.05375
0 0.12208333333333334 0.55 0.1025 0.0625
0 0.535 0.275625 0.02666666666666667 0.04875
0 0.4554166666666667 0.56875 0.0725 0.055
0 0.6404166666666666 0.635 0.04583333333333333 0.06
0 0.78625 0.623125 0.08083333333333333 0.05125
0 0.8579166666666667 0.61875 0.029166666666666667 0.055
0 0.7891666666666667 0.77375 0.028333333333333332 0.0525
0 0.70375 0.87125 0.07416666666666667 0.045
0 0.49541666666666667 0.865 0.0625 0.0475
0 0.39958333333333335 0.911875 0.0425 0.04125