0 0.08991666666666667 0.2296 0.03946666666666668 0.04605000000000004
0 0.18728333333333333 0.30394999999999994 0.04123333333333335 0.03684999999999999
0 0.41578333333333334 0.06185 0.0263166666666667 0.04472500000000001
0 0.4986833333333333 0.132225 0.04298333333333327 0.03552500000000002
0 0.6144666666666667 0.061849999999999995 0.023683333333333393 0.028949999999999997
0 0.4890333333333334 0.27895 0.04473333333333339 0.044725000000000036
0 0.47018333333333334 0.4125 0.026316666666666606 0.04079999999999998
0 0.4973666666666667 0.544075 0.0473666666666666 0.04342500000000001
0 0.6175499999999999 0.4592 0.03859999999999995 0.04737499999999997
0 0.6083333333333333 0.6342 0.04473333333333339 0.04737500000000004
0 0.7258833333333333 0.8835500000000001 0.04123333333333335 0.0539500000000001
0 0.7337666666666667 0.956575 0.028950000000000007 0.039474999999999906
0 0.7363999999999999 0.6125 0.04473333333333339 0.04342500000000001
0 0.7136 0.4842 0.04298333333333327 0.05527500000000003
0 0.9223666666666666 0.597375 0.034216666666666624 0.04737499999999997
0 0.8149166666666666 0.37435 0.026316666666666606 0.04342500000000001
0 0.7513166666666667 0.3079 0.04473333333333339 0.04209999999999997
0 0.70745 0.2796 0.025433333333333318 0.027625000000000028
0 0.9048166666666666 0.1875 0.04123333333333335 0.04605000000000004
0 0.7320166666666666 0.05395 0.028950000000000007 0.044725
0 0.7342166666666666 0.11512499999999999 0.03859999999999995 0.04605000000000001