0 0.37851666666666667 0.056575 0.04473333333333329 0.05790000000000001
0 0.6359666666666667 0.111175 0.11578333333333338 0.05395
0 0.6105333333333334 0.302625 0.05613333333333325 0.05527499999999996
0 0.4057 0.35855 0.05701666666666663 0.05132500000000007
0 0.45613333333333334 0.655925 0.04386666666666675 0.06447499999999998
0 0.10613333333333333 0.542775 0.06315 0.059200000000000016
0 0.0978 0.888825 0.10263333333333333 0.04342500000000001
0 0.45965000000000006 0.927625 0.05088333333333329 0.04737500000000011
0 0.9179833333333333 0.598025 0.04825000000000008 0.04867499999999993
0 0.8727999999999999 0.65065 0.05613333333333335 0.046049999999999966
0 0.8320166666666667 0.7533 0.05175000000000002 0.0539500000000001
0 0.7890333333333334 0.8046 0.05174999999999992 0.0460499999999999