0 0.51535 0.0579 0.07981666666666665 0.068425
0 0.6508833333333333 0.12960000000000002 0.07018333333333336 0.04605000000000001
0 0.7043833333333334 0.530925 0.04561666666666667 0.075
0 0.8688666666666668 0.705275 0.04298333333333327 0.08419999999999987
0 0.9381499999999999 0.5375 0.044733333333333195 0.075
0 0.48421666666666663 0.8677750000000001 0.07193333333333328 0.04342500000000001
0 0.4464833333333333 0.9381499999999999 0.07543333333333332 0.04210000000000008
0 0.3201833333333334 0.875 0.07018333333333336 0.044724999999999966
0 0.2364 0.7480249999999999 0.04123333333333335 0.09342500000000001
0 0.15175 0.7480249999999999 0.04736666666666665 0.06972499999999997
0 0.09078333333333333 0.656575 0.04298333333333332 0.10262499999999995