0 0.14956666666666665 0.076325 0.06403333333333332 0.055275
0 0.4728 0.0717 0.057900000000000014 0.05919999999999999
0 0.6767500000000001 0.2375 0.06053333333333342 0.04605000000000004
0 0.8811333333333332 0.3829 0.07105000000000009 0.06314999999999998
0 0.8627166666666667 0.5421 0.062283333333333246 0.052625000000000026
0 0.45790000000000003 0.402625 0.06314999999999998 0.08420000000000001
0 0.36271666666666663 0.532225 0.0763166666666667 0.04605000000000004
0 0.16578333333333334 0.581575 0.0614 0.042099999999999936
0 0.11578333333333334 0.481575 0.05263333333333332 0.042099999999999936
0 0.15263333333333334 0.865125 0.05964999999999999 0.0539500000000001
0 0.49034999999999995 0.78685 0.05613333333333325 0.04210000000000008
0 0.45481666666666665 0.8677750000000001 0.06403333333333332 0.05132499999999993
0 0.6329 0.735525 0.07981666666666665 0.057899999999999924
0 0.7333333333333333 0.6920999999999999 0.08596666666666673 0.044724999999999966