0 0.38991666666666663 0.031575000000000006 0.05 0.055275
0 0.3394666666666667 0.186175 0.057900000000000014 0.059200000000000016
0 0.08553333333333335 0.292775 0.05526666666666667 0.048674999999999996
0 0.175 0.844725 0.05351666666666669 0.057899999999999924
0 0.4451833333333334 0.380925 0.03771666666666666 0.04079999999999998
0 0.5495666666666666 0.4421 0.058766666666666655 0.05790000000000006
0 0.6394666666666666 0.09539999999999998 0.0473666666666666 0.04342500000000001
0 0.7372833333333333 0.1625 0.05701666666666673 0.05394999999999998
0 0.7745666666666667 0.031575 0.03859999999999995 0.052625000000000005
0 0.9381499999999999 0.18289999999999998 0.03245000000000005 0.044724999999999966
0 0.9359666666666667 0.355275 0.047366666666666786 0.05790000000000006
0 0.9342166666666666 0.5717 0.05088333333333329 0.05394999999999996
0 0.8767499999999999 0.6296 0.05 0.059200000000000016
0 0.7644666666666666 0.7789499999999999 0.07104999999999999 0.06052500000000009
0 0.7236833333333333 0.9342 0.04911666666666671 0.05262499999999989
0 0.7008833333333333 0.25920000000000004 0.04035000000000006 0.03947499999999998