0 0.2946 0.188225 0.05979999999999999 0.04412500000000001
0 0.07353333333333333 0.366175 0.04313333333333333 0.03822500000000005
0 0.1980333333333333 0.37939999999999996 0.060783333333333356 0.05
0 0.18921666666666667 0.648525 0.056866666666666676 0.05
0 0.06813333333333334 0.6956 0.04020000000000001 0.03822499999999991
0 0.11863333333333334 0.78235 0.05293333333333333 0.04412499999999994
0 0.3054 0.7669 0.06373333333333335 0.04560000000000002
0 0.28186666666666665 0.9147 0.03626666666666665 0.03822499999999991
0 0.4955833333333334 0.70295 0.05979999999999999 0.05294999999999987
0 0.5759833333333333 0.8271999999999999 0.038233333333333425 0.039699999999999985
0 0.5152 0.96765 0.0539166666666667 0.04412499999999994
0 0.6960833333333333 0.626475 0.03333333333333333 0.04704999999999998
0 0.625 0.480875 0.03626666666666665 0.04117499999999993
0 0.5058833333333332 0.05955 0.04118333333333339 0.04559999999999999
0 0.7215666666666667 0.07427500000000001 0.0548999999999999 0.04559999999999999
0 0.79265 0.16545 0.05785000000000006 0.039699999999999985
0 0.8289166666666667 0.7419 0.051966666666666675 0.03382499999999993
0 0.9049 0.7853 0.043133333333333516 0.04412499999999994