0 0.25481666666666664 0.07762500000000001 0.03771666666666666 0.055275000000000005
0 0.39561666666666667 0.022375 0.054383333333333325 0.044725
0 0.5333333333333333 0.1033 0.05088333333333329 0.05919999999999999
0 0.3929833333333333 0.2421 0.03685000000000002 0.04737499999999997
0 0.6127166666666667 0.3921 0.046483333333333314 0.05527500000000003
0 0.94825 0.3592 0.045616666666666486 0.07105000000000004
0 0.41314999999999996 0.51185 0.03333333333333333 0.04737499999999997
0 0.12104999999999999 0.18815 0.054383333333333325 0.06052500000000002
0 0.12851666666666667 0.394725 0.04648333333333335 0.052625000000000026
0 0.05043333333333334 0.7217 0.06228333333333333 0.06447499999999991
0 0.22631666666666667 0.8986750000000001 0.04034999999999999 0.03685000000000002
0 0.4214833333333333 0.9829000000000001 0.05526666666666662 0.034199999999999876
0 0.43685 0.697375 0.03508333333333331 0.04210000000000008
0 0.5429833333333334 0.747375 0.057900000000000014 0.06052500000000009