0 0.3390333333333333 0.155275 0.03771666666666666 0.04737499999999999
0 0.42543333333333333 0.209875 0.04911666666666671 0.04342500000000001
0 0.3890333333333333 0.26184999999999997 0.04473333333333329 0.05
0 0.33421666666666666 0.394075 0.04561666666666667 0.048675000000000065
0 0.07806666666666667 0.4796 0.038599999999999995 0.04605000000000004
0 0.08026666666666667 0.7230249999999999 0.06403333333333334 0.048675000000000065
0 0.08113333333333332 0.7901250000000001 0.06754999999999999 0.0539500000000001
0 0.22981666666666664 0.894725 0.047366666666666696 0.044724999999999966
0 0.4473666666666667 0.719725 0.05263333333333335 0.04737500000000011
0 0.37416666666666665 0.97625 0.041666666666666664 0.0475
0 0.4447333333333333 0.511175 0.04736666666666665 0.04867499999999993
0 0.6429833333333334 0.861175 0.0526333333333334 0.048675000000000065
0 0.6791666666666667 0.97375 0.041666666666666664 0.0525
0 0.7390333333333333 0.7835500000000001 0.04473333333333339 0.048675000000000065
0 0.9263166666666666 0.7414499999999999 0.06841666666666658 0.0539500000000001
0 0.8991166666666667 0.334875 0.045616666666666486 0.04605000000000004
0 0.5877166666666667 0.077625 0.04911666666666671 0.04999999999999999