0 0.5100833333333333 0.10855000000000001 0.03946666666666658 0.051325
0 0.46314999999999995 0.182225 0.05088333333333329 0.051325
0 0.04298333333333333 0.20920000000000002 0.03158333333333334 0.03685000000000002
0 0.019733333333333332 0.502625 0.039466666666666664 0.05527500000000003
0 0.07588333333333333 0.610525 0.06755 0.06052499999999995
0 0.19341666666666663 0.6171 0.05175 0.052625000000000026
0 0.19605 0.8 0.04824999999999998 0.07367500000000007
0 0.2916666666666667 0.6296 0.05175000000000002 0.059200000000000016
0 0.37061666666666665 0.5204 0.03771666666666666 0.059200000000000016
0 0.37193333333333334 0.4454 0.02456666666666668 0.04079999999999998
0 0.39868333333333333 0.373025 0.046483333333333314 0.04605000000000004
0 0.52895 0.298675 0.022799999999999918 0.05
0 0.4513166666666667 0.5848749999999999 0.06403333333333332 0.059200000000000016
0 0.225 0.9658 0.028950000000000007 0.04210000000000008
0 0.3214833333333333 0.9625 0.042983333333333366 0.06185000000000002
0 0.49341666666666667 0.7158 0.05526666666666662 0.05527500000000003
0 0.5991166666666667 0.855275 0.029816666666666644 0.05
0 0.6596500000000001 0.49670000000000003 0.03685000000000002 0.05132499999999993
0 0.79035 0.184875 0.02456666666666668 0.05395000000000001
0 0.9333333333333333 0.22367499999999998 0.038600000000000134 0.06579999999999998
0 0.9570166666666667 0.498675 0.04035000000000006 0.05527500000000003
0 0.7802666666666667 0.6177750000000001 0.04825000000000008 0.05132499999999993
0 0.8263166666666667 0.8756499999999999 0.026316666666666606 0.04080000000000013