0 0.08771666666666667 0.22895 0.04386666666666668 0.04737499999999997
0 0.0864 0.4921 0.03946666666666668 0.04737499999999997
0 0.2995666666666667 0.40197499999999997 0.05175000000000002 0.04079999999999998
0 0.30395 0.460525 0.04824999999999998 0.04737499999999997
0 0.20526666666666665 0.582225 0.06314999999999998 0.059200000000000016
0 0.3535166666666667 0.830275 0.042099999999999985 0.04737500000000011
0 0.5921 0.426975 0.06491666666666675 0.059200000000000016
0 0.43553333333333333 0.35855 0.04473333333333334 0.04342500000000001
0 0.33685000000000004 0.07565000000000001 0.04911666666666671 0.048675
0 0.57105 0.080925 0.04035000000000006 0.04342500000000001
0 0.47675 0.1875 0.06403333333333326 0.048674999999999996
0 0.8635999999999999 0.12435 0.05526666666666671 0.06184999999999999
0 0.90395 0.326325 0.0728000000000001 0.08685000000000002
0 0.6609666666666666 0.575 0.08158333333333341 0.06314999999999998
0 0.7149166666666666 0.9533 0.054383333333333325 0.07237500000000012