0 0.21623333333333336 0.02105 0.06053333333333332 0.0421
0 0.14473333333333335 0.23552499999999998 0.026316666666666655 0.03157499999999999
0 0.2671 0.394075 0.07280000000000002 0.07237499999999997
0 0.10088333333333334 0.49737499999999996 0.06841666666666667 0.052625000000000026
0 0.1978 0.5625 0.03245000000000002 0.038149999999999976
0 0.30745 0.573675 0.04473333333333329 0.044724999999999966
0 0.3048166666666666 0.71185 0.06228333333333334 0.05262499999999989
0 0.10088333333333334 0.759875 0.05613333333333335 0.038149999999999976
0 0.0614 0.892775 0.0614 0.04080000000000013
0 0.5364 0.8454 0.05701666666666673 0.04342500000000001
0 0.4350833333333334 0.9730249999999999 0.05263333333333335 0.04080000000000013
0 0.44034999999999996 0.6796 0.042099999999999985 0.04080000000000013
0 0.5732499999999999 0.7079000000000001 0.06228333333333334 0.05527500000000003
0 0.8162333333333334 0.906575 0.058766666666666655 0.039474999999999906
0 0.5416666666666666 0.4546 0.06228333333333334 0.038149999999999976
0 0.5837666666666667 0.39604999999999996 0.058766666666666655 0.04737499999999997
0 0.54255 0.23355 0.04298333333333327 0.038149999999999976
0 0.5456166666666666 0.1125 0.04386666666666675 0.04605000000000001
0 0.43771666666666664 0.15592499999999998 0.03685000000000002 0.030275
0 0.7741166666666667 0.5 0.06578333333333337 0.04737499999999997
0 0.9464833333333333 0.423675 0.047366666666666786 0.04737499999999997
0 0.9477999999999999 0.655275 0.04825000000000008 0.044724999999999966
0 0.9477999999999999 0.8039499999999999 0.03771666666666685 0.034199999999999876