0 0.22324999999999998 0.080925 0.03771666666666666 0.04605000000000001
0 0.25175000000000003 0.17170000000000002 0.03333333333333333 0.03289999999999999
0 0.16096666666666667 0.23222500000000001 0.025433333333333318 0.03289999999999999
0 0.26491666666666663 0.31579999999999997 0.028066666666666625 0.034200000000000015
0 0.10745 0.46777500000000005 0.028950000000000007 0.038149999999999976
0 0.05921666666666667 0.46907499999999996 0.034216666666666666 0.030275000000000035
0 0.28728333333333333 0.435525 0.04123333333333335 0.034200000000000015
0 0.30088333333333334 0.8954000000000001 0.035083333333333355 0.0460499999999999
0 0.38685 0.95855 0.04034999999999997 0.04342500000000001
0 0.5451833333333334 0.781575 0.05174999999999992 0.04210000000000008
0 0.65395 0.77435 0.03946666666666658 0.03552500000000009
0 0.8605333333333334 0.7625 0.028066666666666625 0.04342500000000001
0 0.8280666666666666 0.45065 0.03158333333333341 0.030275000000000035
0 0.49824999999999997 0.39145 0.03685000000000002 0.035524999999999946
0 0.4421 0.23684999999999998 0.042099999999999985 0.03947499999999998
0 0.51755 0.3296 0.03685000000000002 0.032900000000000026
0 0.5649166666666666 0.2875 0.03685000000000002 0.030275000000000035
0 0.6736833333333333 0.138825 0.04035000000000006 0.03552500000000002
0 0.7298166666666667 0.136175 0.03859999999999995 0.04342500000000001
0 0.8329 0.11512499999999999 0.04473333333333329 0.03815000000000001