0 0.30613333333333337 0.13815000000000002 0.04911666666666671 0.05790000000000001
0 0.8008833333333333 0.07367499999999999 0.0526333333333334 0.055275
0 0.7236833333333333 0.119075 0.05613333333333325 0.05395
0 0.9258833333333333 0.2796 0.034216666666666624 0.05394999999999996
0 0.9600833333333333 0.38354999999999995 0.039466666666666775 0.04867499999999993
0 0.67105 0.2954 0.054383333333333325 0.04342500000000001
0 0.6850833333333334 0.438825 0.022799999999999918 0.04867499999999993
0 0.6504333333333333 0.590125 0.04825000000000008 0.04605000000000004
0 0.6736833333333333 0.677625 0.03859999999999995 0.04737500000000011
0 0.66755 0.8230249999999999 0.04911666666666671 0.048675000000000065
0 0.55745 0.66645 0.027200000000000082 0.04342500000000001
0 0.20263333333333336 0.444075 0.04386666666666668 0.05132499999999993
0 0.24911666666666665 0.6855249999999999 0.050883333333333385 0.06052500000000009
0 0.25043333333333334 0.85 0.042983333333333366 0.06052500000000009
0 0.11666666666666667 0.705275 0.03333333333333333 0.04737500000000011
0 0.02325 0.6019749999999999 0.03596666666666666 0.04342500000000001