0 0.25088333333333335 0.1092 0.06139999999999996 0.060524999999999995
0 0.13685 0.368425 0.05263333333333335 0.06842500000000001
0 0.07938333333333333 0.448675 0.05701666666666665 0.07367499999999992
0 0.13201666666666664 0.6204 0.051750000000000004 0.06709999999999994
0 0.4622833333333333 0.659875 0.057900000000000014 0.056574999999999986
0 0.3416666666666667 0.843425 0.05351666666666669 0.07104999999999989
0 0.52325 0.4204 0.04473333333333339 0.059200000000000016
0 0.5951833333333334 0.3704 0.04825000000000008 0.059200000000000016
0 0.6829000000000001 0.32104999999999995 0.03946666666666658 0.06314999999999998
0 0.9236833333333334 0.40527500000000005 0.05438333333333351 0.06314999999999998
0 0.9219333333333333 0.277625 0.03333333333333333 0.052625000000000026
0 0.7899166666666666 0.126325 0.05701666666666673 0.06842500000000001