0 0.18421666666666667 0.11842499999999999 0.050883333333333336 0.05
0 0.041666666666666664 0.41972499999999996 0.03245 0.05
0 0.07675 0.44277500000000003 0.03245 0.04605000000000004
0 0.07894999999999999 0.57565 0.026316666666666676 0.048675000000000065
0 0.19473333333333334 0.625 0.03685000000000002 0.044724999999999966
0 0.25351666666666667 0.7789499999999999 0.035083333333333355 0.04737500000000011
0 0.3991166666666667 0.8486750000000001 0.02280000000000001 0.034199999999999876
0 0.5074500000000001 0.892775 0.03771666666666666 0.0539500000000001
0 0.6899166666666666 0.8033 0.05351666666666669 0.04080000000000013
0 0.7644666666666666 0.947375 0.058766666666666655 0.05527500000000003
0 0.6254333333333333 0.55395 0.03508333333333326 0.03685000000000002
0 0.5311333333333333 0.47302500000000003 0.03946666666666658 0.05394999999999996
0 0.4552666666666667 0.418425 0.03859999999999995 0.044724999999999966
0 0.5280666666666666 0.298025 0.04561666666666667 0.05395000000000003
0 0.7899166666666666 0.45262500000000006 0.04298333333333327 0.04737499999999997