0 0.16140000000000002 0.14277499999999999 0.06841666666666668 0.051325
0 0.16798333333333335 0.201325 0.06755 0.03947499999999998
0 0.06359999999999999 0.397375 0.04825000000000001 0.05790000000000006
0 0.11578333333333334 0.588825 0.04035000000000001 0.04867499999999993
0 0.15263333333333334 0.6283 0.026316666666666655 0.03552500000000002
0 0.34825 0.58815 0.021049999999999992 0.03685000000000002
0 0.25833333333333336 0.7408 0.042983333333333366 0.05262499999999989
0 0.3530666666666667 0.80065 0.046483333333333314 0.05132499999999993
0 0.35395 0.868425 0.046483333333333314 0.05262499999999989
0 0.55 0.85 0.04561666666666667 0.05
0 0.6579 0.7829 0.03859999999999995 0.05
0 0.6736833333333333 0.840125 0.04911666666666671 0.06972499999999997
0 0.8776333333333334 0.5921 0.020183333333333168 0.044724999999999966
0 0.9166666666666666 0.55855 0.038600000000000134 0.056574999999999986