0 0.31930000000000003 0.298025 0.06139999999999996 0.05395000000000003
0 0.3907833333333333 0.332225 0.06578333333333329 0.05132499999999997
0 0.5144666666666666 0.11842499999999999 0.05 0.055275
0 0.79825 0.15395 0.05964999999999994 0.05789999999999999
0 0.9232500000000001 0.461175 0.0535166666666665 0.06972499999999997
0 0.73685 0.51315 0.06666666666666667 0.052625000000000026
0 0.6583333333333333 0.315125 0.04825000000000008 0.051325
0 0.8886 0.67565 0.045616666666666486 0.0460499999999999
0 0.7565833333333333 0.8204 0.05 0.0460499999999999
0 0.6272 0.8783 0.0473666666666666 0.06185000000000002
0 0.29209999999999997 0.57105 0.047366666666666696 0.04737499999999997
0 0.22061666666666668 0.6585500000000001 0.05701666666666665 0.05395000000000003
0 0.043866666666666665 0.736175 0.0614 0.04080000000000013
0 0.09779999999999998 0.89605 0.06578333333333332 0.06580000000000012