0 0.15745 0.093425 0.05175000000000002 0.04737500000000001
0 0.28508333333333336 0.16315000000000002 0.03685000000000002 0.042100000000000005
0 0.3579 0.336175 0.04911666666666671 0.04867499999999996
0 0.46491666666666664 0.157225 0.04911666666666671 0.051325
0 0.46886666666666665 0.318425 0.06228333333333334 0.05
0 0.21271666666666667 0.627625 0.05 0.05262499999999996
0 0.09693333333333333 0.78685 0.04648333333333332 0.05262499999999989
0 0.6214833333333333 0.8144750000000001 0.04825000000000008 0.04737500000000011
0 0.8596499999999999 0.3908 0.05613333333333335 0.05790000000000006
0 0.9232500000000001 0.335525 0.04825000000000008 0.05527500000000003
0 0.9214833333333333 0.49737499999999996 0.044733333333333195 0.05527500000000003
0 0.7824500000000001 0.119075 0.06491666666666675 0.051325