0 0.056133333333333334 0.465125 0.04386666666666667 0.05394999999999996
0 0.22806666666666667 0.436175 0.047366666666666696 0.056574999999999986
0 0.15351666666666666 0.6467 0.038599999999999995 0.05395000000000003
0 0.25 0.710525 0.04911666666666671 0.07104999999999989
0 0.3605333333333333 0.8230249999999999 0.06491666666666665 0.07762499999999989
0 0.44386666666666663 0.523675 0.09123333333333335 0.042099999999999936
0 0.37631666666666663 0.240125 0.050883333333333385 0.05395000000000003
0 0.37543333333333334 0.098025 0.059650000000000036 0.04342500000000001
0 0.6561333333333333 0.04935 0.12104999999999999 0.05657500000000001
0 0.6666666666666666 0.14670000000000002 0.12806666666666672 0.05657500000000001
0 0.9535166666666667 0.675 0.047366666666666786 0.05527500000000003
0 0.6872833333333334 0.8829 0.05174999999999992 0.06314999999999998
0 0.77895 0.894725 0.057900000000000014 0.06314999999999998