0 0.25833333333333336 0.18685 0.058766666666666655 0.052625000000000026
0 0.25658333333333333 0.31579999999999997 0.05701666666666663 0.05
0 0.41709999999999997 0.409875 0.03771666666666666 0.05132499999999993
0 0.6530666666666666 0.45395 0.03946666666666658 0.05527500000000003
0 0.8622833333333333 0.4375 0.047366666666666696 0.05394999999999996
0 0.7136 0.8144750000000001 0.030699999999999932 0.04210000000000008
0 0.7254333333333333 0.86315 0.03859999999999995 0.044724999999999966
0 0.6350833333333333 0.8743500000000001 0.03859999999999995 0.0460499999999999
0 0.5491166666666667 0.8908 0.02806666666666672 0.04737500000000011
0 0.33465 0.797375 0.046483333333333314 0.06052500000000009
0 0.3469333333333333 0.5717 0.03244999999999995 0.038149999999999976
0 0.14825 0.6026250000000001 0.03333333333333333 0.044724999999999966
0 0.053516666666666664 0.426325 0.03685 0.05